每幅图像的标定误差：
第1幅图像的平均误差：0.0476134像素
第2幅图像的平均误差：0.0435618像素
第3幅图像的平均误差：0.0499571像素
第4幅图像的平均误差：0.0461253像素
第5幅图像的平均误差：0.0472442像素
第6幅图像的平均误差：0.0555425像素
第7幅图像的平均误差：0.055979像素
第8幅图像的平均误差：0.0543566像素
第9幅图像的平均误差：0.0475076像素
第10幅图像的平均误差：0.0471122像素
总体平均误差：0.0495像素

相机内参数矩阵：
[615.4309247725118, 0, 308.5979520251118;
 0, 616.2711368479787, 250.7943426598471;
 0, 0, 1]

畸变系数：
[0.08513847687232692, 0.02820615409232705, 0.002407340487668776, -0.002378155452304011, -0.6697562263280032]


第1幅图像的旋转向量：
[-23.24174948948058;
 -17.72976990577925;
 185.6299446720871]
第1幅图像的旋转矩阵：
[0.8400289518759558, 0.5416146164328469, 0.03170121884854205;
 -0.5378231835266162, 0.8389900102807284, -0.08271629773169875;
 -0.07139736179634909, 0.05243443444382154, 0.9960687962249786]
第1幅图像的平移向量：
[2.123041599113292;
 2.114734684648396;
 -0.4364664892578874]

第2幅图像的旋转向量：
[-37.24245950163797;
 -27.10946178201277;
 188.7804580612174]
第2幅图像的旋转矩阵：
[0.900102287575498, 0.4335950877970334, 0.04255786342896292;
 -0.4280492667212147, 0.8983113680505863, -0.09904802517220822;
 -0.08117694968884812, 0.07093649180335095, 0.9941721767228489]
第2幅图像的平移向量：
[2.150373836516525;
 1.97443647685419;
 -0.4153552076457216]

第3幅图像的旋转向量：
[-34.78263819783754;
 -32.5419845966612;
 164.7066152549707]
第3幅图像的旋转矩阵：
[-0.1858080803897463, -0.885718838665006, -0.4254144991602786;
 0.980954203577363, -0.1921542306358173, -0.02838313112851656;
 -0.05660572184663859, -0.422585956324474, 0.9045534267093075]
第3幅图像的平移向量：
[2.182713118805212;
 2.019606876870509;
 -0.3054420777855673]

第4幅图像的旋转向量：
[-18.14003174715755;
 -22.09136279307204;
 143.0676942438524]
第4幅图像的旋转矩阵：
[0.2001462856370844, -0.9479154781516926, -0.2477856142436982;
 0.9785058367959666, 0.2062136842221048, 0.001497930496223626;
 0.04967687290786443, -0.2427594750364941, 0.9688137311052635]
第4幅图像的平移向量：
[1.921889444125592;
 1.900942081532996;
 0.110410711724409]

第5幅图像的旋转向量：
[-27.85308399458453;
 -27.91473410169209;
 134.5291362220413]
第5幅图像的旋转矩阵：
[-0.3245471893320334, -0.8334842546804737, -0.4471835407261904;
 0.9425940792181289, -0.3243059519725897, -0.07963699729447252;
 -0.07864810054670612, -0.4473585214510699, 0.8908899087797026]
第5幅图像的平移向量：
[2.133017027416201;
 2.110667092714552;
 0.3182807504976161]

第6幅图像的旋转向量：
[-33.24332404949453;
 -21.5448542097556;
 117.3919939989419]
第6幅图像的旋转矩阵：
[-0.1097051416457326, 0.9849608874767354, -0.1334797064633113;
 -0.8733719137672545, -0.1596348701856853, -0.4601502020681104;
 -0.474537967015299, 0.06609658358675902, 0.8777499413267686]
第6幅图像的平移向量：
[-2.157280613757265;
 -2.200729515225449;
 -0.431235728021939]

第7幅图像的旋转向量：
[-43.85811639345879;
 -3.671517279207688;
 131.1349680750688]
第7幅图像的旋转矩阵：
[0.9960765276093624, -0.08841495837826967, -0.003787648431934781;
 0.08848837912785175, 0.9956410769146316, 0.0294729150169821;
 0.001165291809232798, -0.02969244171908942, 0.9995584029959219]
第7幅图像的平移向量：
[-2.348401539852303;
 -1.587261507047174;
 -0.1987711529206096]

第8幅图像的旋转向量：
[-46.35452416060569;
 -22.0974198448613;
 143.8160005822741]
第8幅图像的旋转矩阵：
[-0.2122360477398398, -0.8286064372317617, -0.5180417282592772;
 0.9459076707357236, -0.3073104560132159, 0.1040142397379668;
 -0.24538650835588, -0.4679440733709912, 0.8490075416118952]
第8幅图像的平移向量：
[-2.034210697549617;
 -1.793350645506527;
 0.005327918798826313]

第9幅图像的旋转向量：
[-31.33428726226109;
 -22.06669222201413;
 173.6108314533384]
第9幅图像的旋转矩阵：
[-0.2465791965672721, -0.9074017361366606, -0.3403245349316042;
 0.9636867938492142, -0.266722112177797, 0.01292587467202305;
 -0.1025010399013625, -0.3247790081449058, 0.940219193958276]
第9幅图像的平移向量：
[-1.92098087017517;
 -1.949743703888206;
 0.5259480047160704]

第10幅图像的旋转向量：
[-22.88757631825041;
 -19.38927736968544;
 181.9884257367973]
第10幅图像的旋转矩阵：
[-0.5888874993390086, -0.7579496745510289, -0.2805776255695355;
 0.8000509361760889, -0.5959030742166728, -0.06941199941567855;
 -0.1145862672662509, -0.2653522507669907, 0.9573182179227964]
第10幅图像的平移向量：
[-2.13109484596144;
 -2.077416534908519;
 0.7957221416370643]


